delta 0.02 done
delta 0.05 done
delta 0.1 done
    delta         kind    b  frac_certified    mean_tau  median_tau  mean_tau_union         upper         lower
0    0.02    insertion    0             1.0   4865.6750      4146.0       6268.3935   7174.655454   3743.666391
1    0.02    insertion    5             1.0   5284.9210      4576.0       6598.8540   7447.876110   3743.666391
2    0.02    insertion   10             1.0   5603.4345      4968.0       6905.4740   7721.096766   3743.666391
3    0.02    insertion   20             1.0   6144.1685      5476.0       7483.5220   8243.993968   3743.666391
4    0.02    insertion   50             1.0   7692.3040      7156.0       9010.6955   9455.655773   3743.666391
5    0.02    insertion  100             1.0   9908.4650      9373.0      11296.0190  11475.092114   3743.666391
6    0.02    insertion  200             1.0  13821.1390     13233.0      15327.8230  15513.964797   4041.032028
7    0.02    insertion  400             1.0  20936.4195     20428.5      22550.4005  22504.890919   8410.621031
8    0.02  replacement    0             1.0   4865.6750      4146.0       6268.3935   7174.655454   3743.666391
9    0.02  replacement    5             1.0   5623.9870      4996.0       6922.4055   7733.448487   3743.666391
10   0.02  replacement   10             1.0   6174.7950      5502.0       7511.5215   8256.817907   3743.666391
11   0.02  replacement   20             1.0   7205.6755      6620.0       8553.5045   9077.416383   3743.666391
12   0.02  replacement   50             1.0   9990.3075      9462.0      11372.0275  11539.211809   3743.666391
13   0.02  replacement  100             1.0  13929.8105     13318.0      15458.0265  15642.204187   3835.393752
14   0.02  replacement  200             1.0  21089.5440     20572.0      22719.5495  22657.557311   8070.397160
15   0.02  replacement  400             1.0  34212.4595     33888.0      36079.5810  36088.569959  16802.682438
16   0.05    insertion    0             1.0    806.6825       705.0       1021.0325   1157.703759    598.145536
17   0.05    insertion    5             1.0    931.4805       841.0       1137.0160   1243.424041    598.145536
18   0.05    insertion   10             1.0   1040.5110       958.0       1241.0035   1329.144323    598.145536
19   0.05    insertion   20             1.0   1224.7845      1144.0       1442.6230   1500.584887    598.145536
20   0.05    insertion   50             1.0   1714.9610      1637.0       1940.3790   2014.906579    598.145536
21   0.05    insertion  100             1.0   2462.0055      2397.0       2706.6550   2733.622231    772.909685
22   0.05    insertion  200             1.0   3811.2720      3743.0       4091.2680   4143.101360   1623.626079
23   0.05    insertion  400             1.0   6327.2085      6266.0       6651.4605   6669.864624   3375.701158
24   0.05  replacement    0             1.0    806.6825       705.0       1021.0325   1157.703759    598.145536
25   0.05  replacement    5             1.0   1052.7310       971.0       1256.1145   1337.082164    598.145536
26   0.05  replacement   10             1.0   1249.2835      1168.0       1457.9570   1516.460568    598.145536
27   0.05  replacement   20             1.0   1588.1080      1503.0       1804.7865   1875.217377    598.145536
28   0.05  replacement   50             1.0   2509.1125      2444.0       2755.0745   2779.119912    723.635810
29   0.05  replacement  100             1.0   3878.9565      3809.0       4164.0090   4215.836323   1538.442616
30   0.05  replacement  200             1.0   6429.4445      6378.0       6763.4470   6783.371699   3235.184416
31   0.05  replacement  400             1.0  11238.6675     11148.0      11640.1400  11629.849108   6732.247338
32   0.10    insertion    0             1.0    207.8020       177.0        257.7715    291.975725    148.778538
33   0.10    insertion    5             1.0    257.5625       227.0        309.3435    332.964926    148.778538
34   0.10    insertion   10             1.0    302.5955       279.0        356.9660    373.954128    148.778538
35   0.10    insertion   20             1.0    386.2190       369.0        438.9560    455.932530    148.778538
36   0.10    insertion   50             1.0    608.3990       591.0        668.9575    674.598487    184.316086
37   0.10    insertion  100             1.0    943.9210       927.0       1011.1405   1015.854880    390.389950
38   0.10    insertion  200             1.0   1560.3265      1542.0       1636.9280   1641.685601    818.216710
39   0.10    insertion  400             1.0   2739.3820      2729.0       2836.4340   2835.896286   1697.980919
40   0.10  replacement    0             1.0    207.8020       177.0        257.7715    291.975725    148.778538
41   0.10  replacement    5             1.0    313.3125       292.0        367.4710    381.948728    148.778538
42   0.10  replacement   10             1.0    400.3790       382.0        454.5535    471.921731    148.778538
43   0.10  replacement   20             1.0    559.0250       543.0        619.0335    624.598487    148.778538
44   0.10  replacement   50             1.0    978.2995       956.0       1047.8825   1056.448085    363.979457
45   0.10  replacement  100             1.0   1608.7895      1596.0       1693.1660   1698.510612    772.909685
46   0.10  replacement  200             1.0   2809.7990      2797.0       2913.0385   2910.027627   1623.626079
47   0.10  replacement  400             1.0   5085.7515      5082.0       5216.2955   5218.763061   3375.701158
