script=e9_average_rate.py version=Python 3.14.7 start=2026-10-04T20:43:15-04:00
delta=0.05 pi=1.0: reps 250/2000
delta=0.05 pi=1.0: reps 500/2000
delta=0.05 pi=1.0: reps 750/2000
delta=0.05 pi=1.0: reps 1000/2000
delta=0.05 pi=1.0: reps 1250/2000
delta=0.05 pi=1.0: reps 1500/2000
delta=0.05 pi=1.0: reps 1750/2000
delta=0.05 pi=1.0: reps 2000/2000
delta=0.1 pi=1.0: reps 250/2000
delta=0.1 pi=1.0: reps 500/2000
delta=0.1 pi=1.0: reps 750/2000
delta=0.1 pi=1.0: reps 1000/2000
delta=0.1 pi=1.0: reps 1250/2000
delta=0.1 pi=1.0: reps 1500/2000
delta=0.1 pi=1.0: reps 1750/2000
delta=0.1 pi=1.0: reps 2000/2000
delta=0.05 pi=0.7: reps 250/2000
delta=0.05 pi=0.7: reps 500/2000
delta=0.05 pi=0.7: reps 750/2000
delta=0.05 pi=0.7: reps 1000/2000
delta=0.05 pi=0.7: reps 1250/2000
delta=0.05 pi=0.7: reps 1500/2000
delta=0.05 pi=0.7: reps 1750/2000
delta=0.05 pi=0.7: reps 2000/2000
delta=0.1 pi=0.7: reps 250/2000
delta=0.1 pi=0.7: reps 500/2000
delta=0.1 pi=0.7: reps 750/2000
delta=0.1 pi=0.7: reps 1000/2000
delta=0.1 pi=0.7: reps 1250/2000
delta=0.1 pi=0.7: reps 1500/2000
delta=0.1 pi=0.7: reps 1750/2000
delta=0.1 pi=0.7: reps 2000/2000
    delta   pi  ties family         kind     t      q10   median      q90      mean  limit_rate  frac_cells_value_differs  frac_cells_status_differs
0    0.05  1.0   0.0    bet    insertion  1000 -0.00100  0.00300  0.04600  0.014457    0.097507                  0.017233                   0.000133
1    0.05  1.0   0.0    bet    insertion  2000  0.00100  0.03300  0.06210  0.033588    0.097507                  0.017233                   0.000133
2    0.05  1.0   0.0    bet    insertion  5000  0.03940  0.05820  0.07660  0.057784    0.097507                  0.017233                   0.000133
3    0.05  1.0   0.0    bet  replacement  1000 -0.00100  0.00150  0.02200  0.006753    0.048619                  0.008463                   0.000133
4    0.05  1.0   0.0    bet  replacement  2000  0.00050  0.01600  0.03005  0.016272    0.048619                  0.008463                   0.000133
5    0.05  1.0   0.0    bet  replacement  5000  0.01920  0.02840  0.03740  0.028216    0.048619                  0.008463                   0.000133
6    0.05  1.0   0.0    exp    insertion  1000 -0.00100  0.00300  0.04600  0.014423    0.097507                  0.017233                   0.000133
7    0.05  1.0   0.0    exp    insertion  2000  0.00100  0.03300  0.06210  0.033584    0.097507                  0.017233                   0.000133
8    0.05  1.0   0.0    exp    insertion  5000  0.03940  0.05820  0.07660  0.057775    0.097507                  0.017233                   0.000133
9    0.05  1.0   0.0    exp  replacement  1000 -0.00100  0.00050  0.02100  0.006205    0.048619                  0.008463                   0.000133
10   0.05  1.0   0.0    exp  replacement  2000  0.00050  0.01600  0.03005  0.016272    0.048619                  0.008463                   0.000133
11   0.05  1.0   0.0    exp  replacement  5000  0.01920  0.02840  0.03740  0.028216    0.048619                  0.008463                   0.000133
12   0.10  1.0   0.0    bet    insertion  1000  0.06700  0.10900  0.14700  0.107553    0.197784                  0.024151                   0.000143
13   0.10  1.0   0.0    bet    insertion  2000  0.10550  0.13550  0.16450  0.135386    0.197784                  0.024151                   0.000143
14   0.10  1.0   0.0    bet    insertion  5000  0.14120  0.15960  0.17780  0.159765    0.197784                  0.024151                   0.000143
15   0.10  1.0   0.0    bet  replacement  1000  0.03200  0.05200  0.07000  0.051337    0.098619                  0.011126                   0.000143
16   0.10  1.0   0.0    bet  replacement  2000  0.05100  0.06550  0.07950  0.065387    0.098619                  0.011126                   0.000143
17   0.10  1.0   0.0    bet  replacement  5000  0.06900  0.07800  0.08680  0.078042    0.098619                  0.011126                   0.000143
18   0.10  1.0   0.0    exp    insertion  1000  0.06700  0.10900  0.14700  0.107523    0.197784                  0.024151                   0.000143
19   0.10  1.0   0.0    exp    insertion  2000  0.10550  0.13550  0.16450  0.135373    0.197784                  0.024151                   0.000143
20   0.10  1.0   0.0    exp    insertion  5000  0.14120  0.15960  0.17780  0.159763    0.197784                  0.024151                   0.000143
21   0.10  1.0   0.0    exp  replacement  1000  0.03100  0.05100  0.06900  0.050338    0.098619                  0.011126                   0.000143
22   0.10  1.0   0.0    exp  replacement  2000  0.05100  0.06550  0.07950  0.065387    0.098619                  0.011126                   0.000143
23   0.10  1.0   0.0    exp  replacement  5000  0.06900  0.07800  0.08680  0.078042    0.098619                  0.011126                   0.000143
24   0.05  0.7   0.3    bet    insertion  1000 -0.00100  0.02200  0.05600  0.024798    0.098338                  0.861843                   0.054430
25   0.05  0.7   0.3    bet    insertion  2000  0.02050  0.04550  0.06950  0.045375    0.098338                  0.861843                   0.054430
26   0.05  0.7   0.3    bet    insertion  5000  0.05060  0.06600  0.08100  0.066025    0.098338                  0.861843                   0.054430
27   0.05  0.7   0.3    bet  replacement  1000 -0.00100  0.01000  0.02600  0.011347    0.049033                  0.861842                   0.054430
28   0.05  0.7   0.3    bet  replacement  2000  0.00995  0.02150  0.03300  0.021609    0.049033                  0.861842                   0.054430
29   0.05  0.7   0.3    bet  replacement  5000  0.02460  0.03200  0.03940  0.032088    0.049033                  0.861842                   0.054430
30   0.05  0.7   0.3    exp    insertion  1000 -0.00100  0.00600  0.03900  0.012942    0.097507                  0.861843                   0.054430
31   0.05  0.7   0.3    exp    insertion  2000  0.00850  0.03350  0.05750  0.033696    0.097507                  0.861843                   0.054430
32   0.05  0.7   0.3    exp    insertion  5000  0.04320  0.05850  0.07320  0.058512    0.097507                  0.861843                   0.054430
33   0.05  0.7   0.3    exp  replacement  1000 -0.00100  0.00200  0.01800  0.005640    0.048619                  0.861842                   0.054430
34   0.05  0.7   0.3    exp  replacement  2000  0.00400  0.01600  0.02750  0.016229    0.048619                  0.861842                   0.054430
35   0.05  0.7   0.3    exp  replacement  5000  0.02100  0.02850  0.03580  0.028525    0.048619                  0.861842                   0.054430
36   0.10  0.7   0.3    bet    insertion  1000  0.09100  0.12800  0.16400  0.127745    0.198615                  0.964809                   0.013759
37   0.10  0.7   0.3    bet    insertion  2000  0.12550  0.14975  0.17455  0.150067    0.198615                  0.964809                   0.013759
38   0.10  0.7   0.3    bet    insertion  5000  0.15298  0.16860  0.18400  0.168518    0.198615                  0.964809                   0.013759
39   0.10  0.7   0.3    bet  replacement  1000  0.04300  0.06000  0.07600  0.059737    0.099033                  0.964806                   0.013759
40   0.10  0.7   0.3    bet  replacement  2000  0.06000  0.07150  0.08350  0.071658    0.099033                  0.964806                   0.013759
41   0.10  0.7   0.3    bet  replacement  5000  0.07440  0.08200  0.08940  0.081887    0.099033                  0.964806                   0.013759
42   0.10  0.7   0.3    exp    insertion  1000  0.07300  0.11000  0.14600  0.109684    0.197784                  0.964809                   0.013759
43   0.10  0.7   0.3    exp    insertion  2000  0.11300  0.13700  0.16150  0.137290    0.197784                  0.964809                   0.013759
44   0.10  0.7   0.3    exp    insertion  5000  0.14500  0.16040  0.17580  0.160442    0.197784                  0.964809                   0.013759
45   0.10  0.7   0.3    exp  replacement  1000  0.03400  0.05200  0.06900  0.051610    0.098619                  0.964806                   0.013759
46   0.10  0.7   0.3    exp  replacement  2000  0.05450  0.06600  0.07800  0.066187    0.098619                  0.964806                   0.013759
47   0.10  0.7   0.3    exp  replacement  5000  0.07080  0.07840  0.08580  0.078321    0.098619                  0.964806                   0.013759
rc=0 end=2026-10-04T20:44:57-04:00
